1

300
3.87880 9.89540
7.16530 3.91360
0.29860 1.06610
2.07900 6.42600
1.24380 1.95160
0.03990 9.77850
8.13900 5.52500
1.45760 5.69250
3.81520 1.94950
1.88380 8.37320
2.54370 3.52690
1.96190 7.41870
0.03760 6.42330
9.22680 9.11250
5.47850 4.45100
3.25350 1.46290
6.89690 1.06890
5.23810 5.78810
4.66210 4.06000
6.26800 7.55670
9.89380 2.99360
2.70560 0.22930
6.82810 1.53080
2.41570 5.08900
7.03500 9.75900
0.04540 1.61450
4.79570 8.46450
9.36030 0.13430
9.71160 8.83410
0.91050 4.54470
8.11820 3.90560
9.49870 0.04100
1.48250 5.88300
9.89900 3.58840
8.83480 3.32060
8.54680 2.48250
6.97590 3.42750
2.39850 6.07910
1.77700 2.12870
2.73810 4.47560
9.09250 8.54540
5.17860 3.89400
1.19250 4.79910
5.17450 7.55280
2.90730 3.35300
8.61340 7.11870
6.67210 0.25570
5.50090 2.68480
6.24110 1.35120
8.45510 4.93800
4.71540 9.07790
8.23320 9.47530
6.61970 1.44780
6.81620 4.02070
5.44910 4.81200
1.18920 4.45560
1.99340 0.76120
2.01360 4.93360
2.72400 5.16050
5.86510 7.62840
5.86480 1.52000
7.62510 5.92650
4.74700 3.07510
8.59510 7.44190
1.40990 3.25840
0.88040 5.73970
8.67120 2.86300
1.20170 6.74490
2.72930 1.69930
6.89720 2.42090
2.61460 6.15380
5.05430 8.98660
7.66550 7.31250
4.50780 1.26970
8.15500 8.97430
7.63440 2.07390
4.21290 7.74960
7.67200 1.62600
9.38890 2.92340
2.55440 9.49790
2.35510 9.56420
1.42120 8.35920
5.51470 5.17790
9.04540 0.77350
3.58970 6.53350
3.86940 2.44870
4.19630 8.62220
1.38770 7.88020
3.92380 7.51160
7.33200 9.67540
5.82420 8.49500
7.62070 5.76550
8.24920 9.69890
3.29230 0.10510
2.59220 8.43660
8.42840 8.95020
4.25690 2.85670
5.22050 8.08670
2.33950 8.31940
2.29340 8.90740
9.12670 2.26890
4.11740 7.19560
1.48410 8.52390
5.23500 7.45520
7.24330 8.40420
9.98530 9.71520
3.80410 4.35120
9.06820 9.73190
9.03940 0.13580
8.44110 7.61350
2.01680 9.40450
4.89170 4.53870
6.33540 8.71270
2.16590 1.10700
4.20760 2.65940
9.11360 8.73340
6.96250 0.13000
8.81190 9.00630
8.60380 5.63590
4.10550 3.80060
9.94390 1.55570
9.89940 7.63860
3.21020 9.14170
9.05950 1.13710
5.87110 4.91230
4.10330 5.43730
0.38480 8.29350
9.09370 1.80720
4.51840 9.22880
9.90770 7.38680
3.76500 0.80680
0.91810 8.59650
2.59220 8.88980
8.45360 9.15190
4.62990 5.62870
7.21840 9.90430
2.85810 8.11810
9.83800 8.94930
4.08300 8.33320
7.44440 0.93080
6.74950 1.81640
0.88800 8.70380
2.97840 2.43000
1.30690 8.04970
7.06750 1.91270
3.15780 9.05840
5.78890 4.35120
2.64230 3.24080
4.33320 3.37760
4.09560 2.14820
6.31960 3.47480
1.46080 8.54890
8.33550 6.47930
6.88760 9.47550
8.23640 2.53300
7.24970 8.29570
9.80720 2.05440
8.37770 0.79910
6.08930 7.61440
6.73560 2.06470
3.15290 3.55680
2.70330 0.94390
1.31760 9.93180
5.18020 9.34630
1.28120 1.01480
6.82610 4.31320
7.67240 5.69140
8.95800 8.87170
4.84680 3.89280
2.86550 6.32230
9.85260 2.51580
4.69150 8.59050
0.50990 2.22070
1.02650 5.01990
2.38090 0.36350
5.91260 0.22280
9.08280 7.59730
3.17920 2.19530
3.51030 9.04370
7.60860 1.47340
4.90650 9.71080
3.74320 9.48750
8.04410 2.86980
7.70170 1.16760
2.13350 6.26280
2.80210 1.43360
5.50400 1.04280
2.31270 9.93110
1.91840 5.86630
7.42600 7.79510
3.35650 5.82750
3.25610 5.81880
2.20100 5.07770
1.64090 0.21810
0.24250 3.53100
9.89780 1.98590
6.09850 3.49270
1.35120 6.73810
3.25300 3.52660
5.85850 7.63270
6.94170 1.69050
2.17090 8.47610
6.19340 3.68380
6.11150 0.95170
7.84790 9.30010
0.43900 9.82200
6.96530 5.15580
1.26110 7.00030
3.69480 6.10730
4.54340 3.95610
6.14200 7.11890
0.14220 7.24900
4.30930 1.63560
6.05490 4.63110
7.26650 1.91650
7.02840 7.71400
3.25220 2.45910
5.11140 4.39020
6.68190 2.72940
8.88470 7.62360
5.75910 4.28790
1.08150 8.70940
9.42220 5.45750
6.49830 7.05220
6.70190 5.39590
0.00380 8.17820
2.81930 4.08730
1.65420 4.26460
1.52550 4.31680
4.39870 2.77490
9.71920 3.17830
5.09410 6.49250
2.45240 8.51830
8.46620 1.00720
2.24910 5.89480
4.41940 2.85480
0.95090 0.74070
4.19470 0.53920
5.42430 7.17580
9.50860 6.66360
4.42770 4.33350
6.92100 2.59470
9.70670 7.07720
4.99540 5.78290
3.62340 6.66860
7.78630 2.85850
4.20460 6.62930
9.30920 7.83450
6.55800 3.87020
0.19770 6.13580
3.11750 1.98400
9.03950 7.54980
9.41560 2.37760
2.91400 7.63680
0.81080 7.80740
0.92610 4.39150
6.67170 7.22150
8.12420 8.68590
0.65490 2.69900
5.06790 0.74890
0.51790 5.30570
9.48150 3.63860
2.29870 7.67510
0.74230 8.16240
8.84670 1.49900
9.86960 9.03100
1.81100 7.59350
7.06610 1.41840
0.94210 0.79340
9.05570 2.40470
8.68000 6.09200
1.74890 9.34960
1.70980 7.88640
7.55710 1.79900
9.18650 8.89200
6.02820 6.72910
3.54520 2.97450
0.17710 1.43820
1.69650 8.03230
8.53940 6.45710
2.15790 8.26780
3.93700 4.67630
2.85040 0.25510
8.43890 4.45720
1.42820 2.03140
9.04320 5.63610
7.32030 9.23340
2.51540 9.36220
7.51080 9.48110
3.32010 3.28810
4.09150 2.89800
6.71590 2.70710
8.18160 6.58880
9.73440 9.98570
1.77140 5.97590
6.90230 5.02130
9.92090 0.14840
1.65430 5.82690
1.61430 3.51970
3.38720 7.57310
