
53

10 8
0 1
0 5
1
0 2
0 0
1
1
1 

10 7
0 1
0 5
1
0 2
0 0
1
1

10 8
0 1
0 1
0 5
1
0 2
0 0
1
1

6 16
1
0 0
0 2
0 1
1
0 3
0 1
1
0 0
1
1
1
0 5
0 2
1
1



27 9
1
1
0 21
0 16
1
1
0 0
1
0 13



1 24
1
1
1
0 0
1
1
0 0
1
1
0 0
1
0 0
1
0 0
1
0 0
1
1
1
1
1
0 0
1
0 0



16 11
1
0 11
0 8
1
0 3
1
0 12
0 15
0 11
0 7
0 11



1 10
0 0
0 0
1
1
1
0 0
0 0
0 0
1
1



30 22
0 21
0 11
1
0 14
0 2
0 27
0 1
1
1
1
0 1
0 25
0 0
1
0 26
0 20
1
0 20
0 8
1
1
1



11 19
0 3
0 6
0 7
1
1
0 5
1
1
1
0 8
0 3
1
0 6
0 9
1
1
0 1
0 10
0 2



3 26
0 0
0 2
1
0 0
0 0
1
1
0 1
0 0
1
0 0
0 1
0 2
1
1
1
0 2
1
0 2
0 1
0 1
1
1
1
1
1



16 1
1



14 7
1
0 8
1
1
1
1
0 6



1 21
0 0
0 0
0 0
1
1
1
1
0 0
1
0 0
1
0 0
1
0 0
0 0
0 0
1
0 0
0 0
1
1



17 20
0 0
1
1
0 15
1
1
1
0 2
0 13
0 4
0 2
0 6
1
1
0 14
0 14
1
1
0 12
0 13



18 2
0 12
0 13



10 3
1
1
0 8



14 27
1
0 7
1
1
1
0 2
0 7
1
0 13
1
0 6
0 11
1
0 1
1
0 1
1
1
1
1
1
1
1
1
1
1
1



14 26
0 13
1
0 6
0 8
1
0 0
1
0 3
0 2
1
1
1
0 1
1
0 8
0 4
0 12
1
0 6
1
0 10
1
0 11
1
0 13
0 12



22 11
0 6
0 15
1
1
1
0 2
1
0 7
1
1
0 21



3 11
0 2
1
0 0
0 0
0 0
1
1
1
0 2
1
1



29 24
0 13
1
1
1
1
1
0 3
1
0 7
1
0 27
1
0 11
1
1
1
1
1
1
0 28
1
0 24
0 5
1



20 0



8 22
1
1
1
1
1
1
0 1
0 3
0 2
1
1
0 3
0 0
1
0 5
1
1
1
0 3
1
0 7
1



11 2
1
1



21 10
1
1
0 17
0 6
0 2
1
1
0 7
1
1



7 14
1
0 1
1
0 2
1
1
1
1
1
1
1
1
1
0 0



21 28
0 13
1
0 7
0 19
1
1
1
0 14
1
0 6
0 14
1
0 20
0 18
0 11
1
0 7
1
0 9
1
0 19
1
0 12
0 20
1
1
1
1



18 18
0 3
0 9
0 10
0 13
0 14
0 1
1
0 11
0 10
1
0 14
1
0 16
0 12
1
0 3
0 2
1



9 23
0 4
0 5
1
0 1
0 0
0 7
1
1
1
1
0 7
0 8
0 8
1
0 0
1
1
1
0 0
1
1
0 3
1



4 1
1



30 4
0 6
1
0 29
0 18



25 24
1
0 1
0 13
0 4
0 1
1
0 11
0 19
1
0 9
1
1
0 1
0 4
0 23
0 8
0 6
1
1
1
0 14
1
1
1



23 18
0 4
1
0 1
0 16
0 7
1
1
0 8
0 4
0 5
1
1
0 4
1
0 22
0 20
0 14
1



29 25
1
1
0 13
0 18
1
1
0 20
1
0 20
0 7
1
1
1
0 16
0 21
1
0 7
0 25
1
1
0 24
0 19
1
0 1
0 9



8 10
0 1
1
1
0 2
1
0 1
0 7
0 1
0 3
0 6



11 19
0 8
1
1
0 5
0 6
1
0 0
0 4
0 4
0 9
1
1
1
1
0 1
0 10
1
1
1



21 2
1
0 6



24 27
1
1
0 11
1
0 0
0 14
0 4
0 14
0 18
1
1
1
0 0
0 9
0 12
0 19
1
0 16
0 6
0 10
0 13
1
0 16
0 4
0 2
1
0 10



9 29
1
0 5
1
0 0
0 1
0 8
1
0 4
0 1
0 3
1
0 0
0 4
0 8
0 7
0 4
1
1
0 0
0 0
1
1
1
0 6
0 4
1
1
0 4
0 6



18 15
1
1
0 10
0 10
1
1
0 14
0 16
0 17
0 1
1
1
0 15
1
0 12



17 11
0 5
0 7
1
0 0
1
0 11
0 8
1
1
1
1



13 24
1
0 8
0 0
0 11
1
1
0 10
0 3
0 4
1
0 9
0 5
1
1
0 5
0 8
1
1
0 11
0 7
0 11
1
0 5
0 9



23 25
1
0 3
1
1
0 6
0 13
1
1
0 9
1
1
0 8
1
0 18
1
0 15
0 0
0 10
0 21
0 17
1
0 13
1
1
0 3



9 1
0 3



8 0



20 1
1



1 13
0 0
0 0
0 0
1
1
0 0
1
1
1
0 0
0 0
0 0
0 0



11 6
0 5
1
1
1
1
0 10



16 6
1
1
1
0 1
1
1



3 12
1
1
0 0
0 2
0 2
0 0
1
0 0
0 0
1
0 0
0 2



29 20
0 11
1
1
1
0 28
0 2
1
0 7
0 23
1
0 28
0 23
1
1
0 8
0 12
0 27
0 17
1
0 28



27 1
0 26
